// vm_stat output, comments are below the output
   free   active   specul inactive throttle    wired  prgable   faults     copy    0fill reactive   purged file-backed anonymous cmprssed cmprssor  dcomprs   comprs  pageins  pageout  swapins swapouts
   82794  1534475     6461  1532481        0   661597   259779 43252500  2092105 33834046  1200541   756091      865498   2207919   819833   376018   291294  1338281  1825960    12174        0        0
ex2.sh: line 1: .a.out: command not found
   83003  1542128     6461  1535175        0   651106   270223       72        1       46        0        0      865498   2218266   819833   376018        0        0        0        0        0        0
   82773  1589694     6461  1535166        0   603580   267614       43        0       36        0        0      865498   2265823   819833   376018        0        0        0        0        0        0
   83129  1589017     6461  1535529        0   603580   267281       44        0       42        0        0      865498   2265509   819833   376018        0        0        0        0        0        0
   83145  1588969     6461  1535561        0   603580   267281        1        0        0        0        0      865498   2265493   819833   376018        0        0        0        0        0        0
   83227  1588799     6461  1535693        0   603580   267278      260        0       42        0        0      865498   2265452   819833   376018        0        0        0        0        0        0
   83305  1588647     6461  1535788        0   603580   267278       21        0       20        0        0      865498   2265398   819833   376018        0        0        0        0        0        0
   83379  1588544     6462  1535843        0   603580   267278       27        0       26        0        0      865498   2265351   819833   376018        0        0        0        0        0        0
   72097  1537938     6514  1531392        0   669879   255848    11008        0     4897        0        0      865551   2210293   819808   375986       25        0        0        0        0        0
   81112  1539574     6514  1532465        0   658145   266230     5096        0      194        0        0      865678   2212875   819808   375986        0        0      127        0        0        0
   81717  1539130     6585  1532150        0   658272   265749     2539        1     2103        0        0      865749   2212116   819806   375986        2        0        0        0        0        0
   81614  1528058     6585  1531199        0   670323   254189      164        0      157        0        1      865749   2200093   819806   375986        0        0        0        0        0        0
   84274  1528089     6587  1528884        0   670000   254272       64        0       53        0        0      865751   2197809   819806   375986        0        0        0        0        0        0
   84322  1528489     6587  1528873        0   669583   254668       21        0       20        0        0      865751   2198198   819806   375986        0        0        0        0        0        0
   84341  1529157     6587  1528861        0   668911   255340        1        0        0        0        0      865751   2198854   819806   375986        0        0        0        0        0        0
   84652  1529028     6587  1528693        0   668911   255340       16        0       13        0        0      865751   2198557   819806   375986        0        0        0        0        0        0
   85207  1529864     6587  1528567        0   667660   255743      918        0      910        0        0      865751   2199267   819806   375986        0        0        0        0        0        0
   85104  1529868     6588  1528567        0   667660   255743       27        0       26        0        0      865751   2199272   819806   375986        0        0        0        0        0        0
   85165  1529965     6587  1528520        0   667660   255728     1521        0     1518        0        0      865751   2199321   819806   375986        0        0        0        0        0        0
   85118  1529934     6587  1528512        0   667659   255647       46        0       41        0        0      865751   2199282   819806   375986        0        0        0        0        0        0
   85032  1529924     6587  1528505        0   667659   255647       26        0       22        0        0      865751   2199265   819806   375986        0        0        0        0        0        0
Mach Virtual Memory Statistics: (page size of 4096 bytes)

Observations:
 si = so = 0, so nothing was swapped.
 That have happned because modern operating systems are smart enough
 to clear its memory by itself, so the is no need to swap.
